Total Unique States:33


Start State: 0


Observation Description:
+-------+-----------------------------------+
| Index |              Features             |
+-------+-----------------------------------+
|   0   | [ 1.  1. -1.  1.  1. -1. -1.  1.] |
|   1   | [-1. -1.  1. -1. -1.  1.  1.  1.] |
|   2   | [ 1.  1. -1.  1.  1.  1. -1.  1.] |
|   3   | [-1. -1.  1.  1. -1.  1.  1.  1.] |
|   4   | [-1.  1. -1.  1.  1.  1.  1.  1.] |
|   5   | [-1.  1. -1.  1. -1.  1.  1.  1.] |
|   6   | [-1.  1.  1.  1. -1.  1.  1.  1.] |
|   7   | [-1.  1. -1.  1.  1.  1. -1.  1.] |
+-------+-----------------------------------+


States Description:
+------+--------+--------------------------------------------------------------------------+
| Name | Action |                               Description                                |
+------+--------+--------------------------------------------------------------------------+
|  0   |   2    | [ 1.  1.  1. -1. -1. -1. -1. -1.  1. -1. -1.  1.  1. -1. -1.  1.  1. -1. |
|      |        |                                 -1. -1.]                                 |
|  1   |   3    | [-1.  1. -1.  1.  1. -1. -1. -1.  1.  1.  1.  1.  1. -1.  1. -1.  1. -1. |
|      |        |                                 -1.  1.]                                 |
|  2   |   0    | [-1.  1.  1. -1. -1.  1.  1.  1. -1. -1. -1. -1. -1.  1. -1.  1. -1.  1. |
|      |        |                                  1. -1.]                                 |
|  3   |   2    | [ 1. -1.  1.  1. -1.  1. -1. -1. -1.  1. -1. -1.  1.  1. -1. -1. -1. -1. |
|      |        |                                  1.  1.]                                 |
|  4   |   1    | [-1. -1.  1.  1. -1.  1. -1.  1. -1.  1.  1. -1.  1.  1.  1. -1. -1.  1. |
|      |        |                                  1. -1.]                                 |
|  5   |   2    | [ 1. -1.  1. -1. -1.  1. -1. -1. -1. -1. -1. -1. -1.  1. -1. -1. -1. -1. |
|      |        |                                  1. -1.]                                 |
|  6   |   1    | [-1. -1.  1.  1. -1.  1. -1.  1. -1.  1.  1. -1.  1.  1.  1. -1. -1. -1. |
|      |        |                                  1. -1.]                                 |
|  7   |   0    | [-1.  1.  1. -1.  1. -1.  1.  1. -1. -1.  1. -1. -1.  1. -1.  1. -1.  1. |
|      |        |                                  1. -1.]                                 |
|  8   |   3    | [-1. -1. -1.  1.  1. -1. -1. -1.  1.  1.  1. -1.  1. -1.  1. -1. -1. -1. |
|      |        |                                 -1.  1.]                                 |
|  9   |   1    | [-1. -1.  1.  1. -1.  1. -1.  1. -1.  1. -1. -1.  1.  1. -1. -1. -1. -1. |
|      |        |                                  1. -1.]                                 |
|  10  |   2    | [ 1. -1.  1. -1. -1.  1. -1. -1. -1.  1. -1. -1.  1.  1. -1. -1. -1. -1. |
|      |        |                                  1. -1.]                                 |
|  11  |   3    | [-1. -1. -1.  1.  1. -1. -1. -1.  1.  1.  1.  1.  1. -1.  1. -1.  1. -1. |
|      |        |                                 -1.  1.]                                 |
|  12  |   1    | [-1. -1.  1. -1. -1.  1. -1.  1. -1. -1. -1. -1.  1.  1.  1. -1. -1.  1. |
|      |        |                                  1. -1.]                                 |
|  13  |   1    | [-1. -1.  1. -1. -1.  1. -1.  1. -1. -1. -1. -1.  1.  1. -1. -1. -1.  1. |
|      |        |                                  1. -1.]                                 |
|  14  |   2    | [ 1. -1.  1. -1. -1.  1. -1. -1. -1.  1. -1. -1. -1.  1. -1. -1. -1. -1. |
|      |        |                                  1. -1.]                                 |
|  15  |   3    | [-1. -1. -1.  1.  1. -1. -1. -1.  1.  1.  1. -1.  1. -1.  1. -1.  1. -1. |
|      |        |                                 -1.  1.]                                 |
|  16  |   1    | [-1. -1.  1.  1. -1.  1. -1.  1. -1. -1. -1. -1.  1.  1. -1. -1. -1. -1. |
|      |        |                                  1. -1.]                                 |
|  17  |   0    | [-1.  1.  1. -1. -1.  1.  1.  1. -1. -1.  1. -1. -1.  1. -1.  1. -1.  1. |
|      |        |                                  1. -1.]                                 |
|  18  |   2    | [ 1. -1.  1.  1. -1.  1. -1. -1. -1.  1. -1. -1.  1.  1. -1. -1. -1. -1. |
|      |        |                                  1. -1.]                                 |
|  19  |   2    | [-1. -1.  1.  1. -1.  1. -1. -1. -1.  1. -1. -1.  1.  1.  1. -1. -1. -1. |
|      |        |                                  1.  1.]                                 |
|  20  |   0    | [-1.  1.  1. -1.  1.  1.  1.  1. -1. -1.  1. -1. -1.  1. -1.  1. -1.  1. |
|      |        |                                  1. -1.]                                 |
|  21  |   1    | [ 1. -1.  1. -1. -1.  1. -1.  1. -1. -1. -1. -1.  1.  1. -1. -1. -1. -1. |
|      |        |                                  1. -1.]                                 |
|  22  |   0    | [ 1.  1.  1. -1.  1. -1.  1.  1.  1. -1.  1. -1. -1. -1. -1.  1.  1.  1. |
|      |        |                                 -1. -1.]                                 |
|  23  |   1    | [-1. -1.  1. -1. -1.  1. -1.  1. -1. -1. -1. -1. -1.  1.  1. -1. -1.  1. |
|      |        |                                  1. -1.]                                 |
|  24  |   2    | [ 1. -1.  1.  1. -1.  1. -1. -1. -1.  1. -1. -1.  1.  1.  1. -1. -1. -1. |
|      |        |                                  1.  1.]                                 |
|  25  |   0    | [-1.  1.  1. -1. -1.  1.  1.  1. -1. -1.  1. -1. -1.  1. -1. -1. -1.  1. |
|      |        |                                  1. -1.]                                 |
|  26  |   1    | [-1. -1.  1. -1. -1.  1. -1.  1. -1.  1. -1. -1.  1.  1.  1. -1. -1.  1. |
|      |        |                                  1. -1.]                                 |
|  27  |   1    | [-1. -1.  1. -1. -1.  1. -1.  1. -1. -1. -1. -1. -1.  1. -1. -1. -1.  1. |
|      |        |                                  1. -1.]                                 |
|  28  |   1    | [-1. -1.  1. -1. -1.  1. -1.  1. -1. -1. -1. -1.  1.  1. -1. -1. -1. -1. |
|      |        |                                  1. -1.]                                 |
|  29  |   3    | [-1. -1. -1.  1.  1. -1. -1. -1.  1.  1.  1. -1.  1. -1.  1. -1. -1. -1. |
|      |        |                                  1.  1.]                                 |
|  30  |   1    | [-1. -1.  1. -1. -1.  1. -1.  1. -1. -1.  1. -1.  1.  1.  1. -1. -1.  1. |
|      |        |                                  1. -1.]                                 |
|  31  |   2    | [ 1. -1.  1. -1. -1.  1. -1. -1. -1. -1. -1. -1.  1.  1. -1. -1. -1. -1. |
|      |        |                                  1. -1.]                                 |
|  32  |   0    | [-1.  1.  1. -1. -1.  1.  1.  1. -1. -1. -1. -1. -1.  1. -1. -1. -1.  1. |
|      |        |                                  1. -1.]                                 |
+------+--------+--------------------------------------------------------------------------+


Transaction Matrix:    (StateIndex_ObservationIndex x StateIndex)
+----+----+----+----+----+----+----+----+----+
|    | 0  | 1  | 2  | 3  | 4  | 5  | 6  | 7  |
+----+----+----+----+----+----+----+----+----+
| 0  | 1  | 22 | 19 | 27 | 24 | 21 | 6  | 19 |
| 1  | 15 | 2  | 3  | 12 | 10 | 16 | 13 | 3  |
| 2  | 8  | 17 | 3  | 12 | 10 | 16 | 12 | 18 |
| 3  | 11 | 7  | 14 | 4  | 5  | 6  | 6  | 5  |
| 4  | 11 | 7  | 14 | 4  | 5  | 6  | 6  | 5  |
| 5  | 11 | 7  | 14 | 4  | 5  | 6  | 6  | 14 |
| 6  | 11 | 7  | 14 | 4  | 5  | 6  | 6  | 14 |
| 7  | 8  | 17 | 3  | 12 | 10 | 16 | 12 | 18 |
| 8  | 8  | 2  | 3  | 12 | 10 | 9  | 12 | 18 |
| 9  | 11 | 7  | 14 | 4  | 5  | 6  | 6  | 5  |
| 10 | 11 | 7  | 14 | 4  | 5  | 6  | 6  | 5  |
| 11 | 8  | 2  | 3  | 12 | 10 | 16 | 13 | 3  |
| 12 | 15 | 7  | 14 | 4  | 5  | 6  | 6  | 5  |
| 13 | 15 | 20 | 14 | 4  | 5  | 6  | 6  | 5  |
| 14 | 11 | 7  | 14 | 4  | 5  | 6  | 6  | 14 |
| 15 | 8  | 2  | 3  | 12 | 10 | 9  | 13 | 3  |
| 16 | 11 | 7  | 14 | 4  | 5  | 6  | 6  | 5  |
| 17 | 8  | 17 | 3  | 12 | 10 | 9  | 12 | 18 |
| 18 | 11 | 7  | 14 | 4  | 5  | 6  | 6  | 5  |
| 19 | 8  | 25 | 14 | 4  | 5  | 6  | 6  | 5  |
| 20 | 8  | 17 | 3  | 12 | 10 | 9  | 12 | 18 |
| 21 | 11 | 7  | 14 | 4  | 5  | 6  | 6  | 5  |
| 22 | 8  | 7  | 24 | 23 | 18 | 28 | 13 | 3  |
| 23 | 15 | 20 | 14 | 4  | 5  | 6  | 6  | 5  |
| 24 | 15 | 20 | 14 | 4  | 5  | 6  | 6  | 5  |
| 25 | 29 | 25 | 18 | 30 | 31 | 9  | 26 | 10 |
| 26 | 11 | 7  | 14 | 4  | 5  | 6  | 6  | 5  |
| 27 | 8  | 17 | 14 | 4  | 5  | 6  | 6  | 5  |
| 28 | 11 | 7  | 14 | 4  | 5  | 6  | 6  | 5  |
| 29 | 8  | 32 | 3  | 12 | 10 | 9  | 12 | 10 |
| 30 | 11 | 7  | 14 | 4  | 5  | 6  | 6  | 5  |
| 31 | 11 | 7  | 14 | 4  | 5  | 6  | 6  | 14 |
| 32 | 8  | 25 | 3  | 30 | 31 | 9  | 26 | 10 |
+----+----+----+----+----+----+----+----+----+