Total Unique States:12


Start State: 0


Observation Description:
+-------+-----------------------------------+
| Index |              Features             |
+-------+-----------------------------------+
|   0   | [ 1. -1. -1.  1. -1. -1.  1.  1.] |
|   1   | [ 1. -1. -1.  1. -1. -1.  1. -1.] |
|   2   | [-1.  1.  1.  1.  1. -1.  1.  1.] |
|   3   | [-1.  1.  1. -1.  1.  1. -1.  1.] |
|   4   | [-1.  1.  1.  1.  1. -1. -1.  1.] |
|   5   | [-1. -1. -1.  1. -1. -1.  1.  1.] |
|   6   | [-1.  1. -1.  1. -1. -1.  1.  1.] |
|   7   | [-1.  1.  1.  1. -1. -1.  1.  1.] |
|   8   | [-1.  1.  1. -1.  1. -1. -1.  1.] |
+-------+-----------------------------------+


States Description:
+------+--------+--------------------------------------------------------------------------+
| Name | Action |                               Description                                |
+------+--------+--------------------------------------------------------------------------+
|  0   |   3    | [ 1.  1. -1. -1.  1.  1. -1.  1.  1. -1.  1. -1.  1. -1. -1. -1.  1.  1. |
|      |        |                                  1. -1.]                                 |
|  1   |   0    | [-1. -1. -1. -1. -1. -1.  1.  1. -1.  1.  1. -1. -1.  1.  1.  1. -1. -1. |
|      |        |                                  1. -1.]                                 |
|  2   |   0    | [-1. -1. -1. -1. -1. -1.  1.  1. -1.  1.  1. -1. -1.  1.  1.  1. -1. -1. |
|      |        |                                  1.  1.]                                 |
|  3   |   1    | [-1. -1. -1.  1. -1. -1.  1. -1. -1.  1.  1. -1. -1.  1.  1.  1. -1. -1. |
|      |        |                                 -1.  1.]                                 |
|  4   |   1    | [ 1. -1. -1.  1. -1. -1.  1. -1.  1.  1.  1. -1. -1. -1.  1. -1.  1. -1. |
|      |        |                                 -1.  1.]                                 |
|  5   |   1    | [ 1. -1. -1.  1. -1. -1. -1. -1.  1.  1.  1. -1. -1. -1.  1. -1.  1. -1. |
|      |        |                                 -1.  1.]                                 |
|  6   |   2    | [ 1. -1. -1.  1.  1. -1. -1. -1.  1.  1.  1. -1.  1. -1.  1. -1.  1.  1. |
|      |        |                                 -1.  1.]                                 |
|  7   |   2    | [ 1.  1.  1.  1.  1.  1. -1. -1.  1. -1. -1.  1.  1. -1. -1. -1.  1.  1. |
|      |        |                                 -1.  1.]                                 |
|  8   |   3    | [ 1.  1.  1.  1.  1.  1. -1. -1.  1. -1. -1.  1.  1. -1. -1. -1.  1.  1. |
|      |        |                                  1. -1.]                                 |
|  9   |   3    | [ 1.  1.  1. -1.  1.  1. -1.  1.  1. -1. -1.  1.  1. -1. -1. -1.  1.  1. |
|      |        |                                  1. -1.]                                 |
|  10  |   3    | [-1.  1.  1. -1.  1.  1. -1.  1. -1. -1. -1.  1.  1.  1. -1.  1.  1.  1. |
|      |        |                                  1. -1.]                                 |
|  11  |   0    | [-1.  1. -1. -1. -1. -1.  1.  1. -1.  1.  1. -1. -1.  1. -1.  1. -1. -1. |
|      |        |                                  1. -1.]                                 |
+------+--------+--------------------------------------------------------------------------+


Transaction Matrix:    (StateIndex_ObservationIndex x StateIndex)
+----+----+----+----+----+----+----+----+----+----+
|    | 0  | 1  | 2  | 3  | 4  | 5  | 6  | 7  | 8  |
+----+----+----+----+----+----+----+----+----+----+
| 0  | 1  | 1  | 1  | 1  | 1  | 1  | 1  | 1  | 1  |
| 1  | 2  | 2  | 2  | 2  | 2  | 2  | 2  | 2  | 2  |
| 2  | 3  | 3  | 3  | 3  | 3  | 3  | 3  | 3  | 3  |
| 3  | 4  | 4  | 4  | 4  | 4  | 4  | 4  | 4  | 4  |
| 4  | 5  | 5  | 5  | 5  | 5  | 5  | 5  | 5  | 5  |
| 5  | 6  | 6  | 6  | 6  | 6  | 6  | 6  | 6  | 6  |
| 6  | 7  | 7  | 7  | 7  | 7  | 7  | 7  | 7  | 7  |
| 7  | 8  | 8  | 8  | 8  | 8  | 8  | 8  | 8  | 8  |
| 8  | 9  | 9  | 9  | 9  | 9  | 9  | 9  | 9  | 9  |
| 9  | 10 | 10 | 10 | 10 | 10 | 10 | 10 | 10 | 10 |
| 10 | 11 | 11 | 11 | 11 | 11 | 11 | 11 | 11 | 11 |
| 11 | 2  | 2  | 2  | 2  | 2  | 2  | 2  | 2  | 2  |
+----+----+----+----+----+----+----+----+----+----+